nw,average
1,3123589
3,1.04858e+06
5,633355
7,458073
9,357437
11,296969
13,256486
15,227568
17,203193
19,185993
21,170819
23,162294
25,156965
27,143615
29,140443
31,134601
33,121517
35,127556
37,119593
39,118276
41,121644
43,114417
45,108911
47,119768
49,107778
51,105124
53,119545
55,132843
57,119029
59,123363
61,126979
63,126823
65,149352
67,133670
69,146560
71,144479
73,144152
75,129390
77,142443
79,137236
81,130195
83,133403
85,135484
87,144976
89,128418
91,143963
93,132728
95,125386
97,121189
99,114428
101,114227
103,120061
105,124633
107,133268
109,142119
111,121502
113,135189
115,152044
117,133680
119,118759
121,141658
123,130266
125,115136
127,166790
129,159005
131,164084
133,145132
135,140111
137,202247
139,224187
141,195106
143,216371
145,205298
147,148954
149,163962
151,173492
153,189383
155,194153
157,214184
159,208303
161,175843
163,205900
165,246023
167,226394
169,158184
171,179219
173,209704
175,167160
177,180308
179,203246
181,169653
183,195557
185,171711
187,187289
189,216679
191,185294
193,224393
195,196045
197,225605
199,221286
201,242685
203,233792
205,247190
207,223485
209,274628
211,245967
213,253513
215,242519
217,209697
219,292514
221,211412
223,256929
225,251220
227,276229
229,261345
231,300849
233,367193
235,281831
237,249179
239,293716
241,334429
243,297824
245,331234
247,297283
249,307960
251,345551
253,388251
255,333867
