nw,average
1,3.12066e+06
3,1.04489e+06
5,715814
7,475510
9,355954
11,294423
13,251871
15,222541
17,199003
19,190197
21,168310
23,176683
25,147178
27,138529
29,132225
31,126714
33,124298
35,172506
37,164966
39,114373
41,157261
43,137846
45,113858
47,148383
49,135185
51,139593
53,142363
55,133615
57,137191
59,133924
61,150429
63,136650
65,134081
67,130637
69,121866
71,120982
73,117521
75,122215
77,125687
79,134416
81,137681
83,117793
85,112442
87,115832
89,130423
91,137223
93,150097
95,120517
97,140360
99,111745
101,118638
103,111858
105,140330
107,121692
109,123621
111,138830
113,135325
115,133822
117,137479
119,144247
121,124936
123,142367
125,139926
127,138020
129,141902
131,140079
133,125383
135,142216
137,142366
139,136741
141,141122
143,143011
145,138490
147,132764
149,130883
151,133253
153,133107
155,129776
157,130435
159,143847
161,144160
163,138398
165,143587
167,142391
169,147740
171,139313
173,147179
175,144768
177,141660
179,142985
181,143298
183,145154
185,146540
187,145882
189,147856
191,149536
193,150620
195,158067
197,157087
199,149957
201,158102
203,157840
205,152429
207,152218
209,158118
211,149704
213,159224
215,160381
217,170667
219,157228
221,166026
223,170978
225,166572
227,173707
229,174640
231,170319
233,168461
235,168521
237,169785
239,177723
241,169955
243,176121
245,176722
247,180950
249,192694
251,179140
253,179701
255,194163
