nw,average
1,323980614
3,1.07659e+08
5,64856590
7,4.63151e+07
9,3.61463e+07
11,2.98447e+07
13,2.50854e+07
15,21690697
17,19138155
19,1.71552e+07
21,15625354
23,1.4465e+07
25,1.33208e+07
27,1.22469e+07
29,1.13638e+07
31,1.06867e+07
33,10005497
35,9.46103e+06
37,9.05729e+06
39,9.97875e+06
41,1.3796e+07
43,12883493
45,9354286
47,7.19268e+06
49,8.91313e+06
51,7.08881e+06
53,8.07327e+06
55,6.31485e+06
57,5.99523e+06
59,7.97698e+06
61,8.88743e+06
63,8.49202e+06
65,10841063
67,1.13783e+07
69,1.10352e+07
71,8.70481e+06
73,7.44433e+06
75,8.44738e+06
77,9.36485e+06
79,9.2841e+06
81,9.00788e+06
83,8981349
85,7.67616e+06
87,6.30456e+06
89,6.24428e+06
91,6.18206e+06
93,5.91211e+06
95,5.91217e+06
97,5.88387e+06
99,5.54272e+06
101,5448088
103,5.79936e+06
105,7.13281e+06
107,7.05726e+06
109,6.9281e+06
111,7.01941e+06
113,6.99395e+06
115,6.55559e+06
117,5333131
119,4.82096e+06
121,4.81183e+06
123,4.84001e+06
125,4.77482e+06
127,4.85241e+06
129,6580911
131,6450947
133,6.61249e+06
135,6.47305e+06
137,6.50208e+06
139,6198653
141,6.03806e+06
143,6.00095e+06
145,6.07099e+06
147,5.84554e+06
149,5.72932e+06
151,5722441
153,5.87728e+06
155,5.60626e+06
157,5903470
159,5869782
161,5398013
163,5.54713e+06
165,5.28121e+06
167,5.60733e+06
169,5.52601e+06
171,5.52822e+06
173,5064985
175,5.21056e+06
177,5.46892e+06
179,5.30765e+06
181,5.17564e+06
183,5.11033e+06
185,5.12856e+06
187,5.20777e+06
189,4.80201e+06
191,5.04068e+06
193,6.03644e+06
195,6440513
197,6.2191e+06
199,6.05311e+06
201,6023733
203,6.10894e+06
205,6.17238e+06
207,5.69196e+06
209,5.90216e+06
211,6.16628e+06
213,5.84178e+06
215,5.54012e+06
217,6.00356e+06
219,5.80818e+06
221,5.66511e+06
223,5.57198e+06
225,5545088
227,5.57106e+06
229,5.64691e+06
231,5.76913e+06
233,5.27965e+06
235,5.5568e+06
237,5.80804e+06
239,5.43042e+06
241,5.77513e+06
243,5.45933e+06
245,5.15434e+06
247,5.65859e+06
249,5.42749e+06
251,5169516
253,5.03027e+06
255,4.93048e+06
