nw,average
1,343849115
3,1.08344e+08
5,65480111
7,47729277
9,3.70091e+07
11,3.00311e+07
13,26460545
15,2.30696e+07
17,23525300
19,1.95072e+07
21,1.66296e+07
23,1.79291e+07
25,1.69935e+07
27,1.49545e+07
29,14387333
31,1.35357e+07
33,1.26862e+07
35,1.22886e+07
37,11919134
39,1.10522e+07
41,1.01633e+07
43,9.74771e+06
45,9.37225e+06
47,8.53219e+06
49,8.29296e+06
51,7.44574e+06
53,7838749
55,7.6274e+06
57,7.70236e+06
59,7.62994e+06
61,7459521
63,7.13926e+06
65,7047631
67,6.98111e+06
69,7.29708e+06
71,6.63482e+06
73,6.91024e+06
75,7.01862e+06
77,7.53104e+06
79,6.9257e+06
81,6.79395e+06
83,6.60841e+06
85,6562989
87,6955868
89,7.11528e+06
91,6.69884e+06
93,6.31836e+06
95,6236304
97,6.51926e+06
99,6.00207e+06
101,5.53366e+06
103,5.97343e+06
105,5.89203e+06
107,6.23879e+06
109,5.64472e+06
111,5.37452e+06
113,5.17091e+06
115,4.85111e+06
117,5.04848e+06
119,4.73046e+06
121,4720935
123,4.54995e+06
125,4549891
127,4.57953e+06
129,5.27352e+06
131,5.26322e+06
133,5400253
135,5296499
137,5.35463e+06
139,5.09564e+06
141,5.04749e+06
143,5.02662e+06
145,5.04023e+06
147,4.87351e+06
149,4.74785e+06
151,4.7514e+06
153,4892307
155,4.73451e+06
157,4.92354e+06
159,4.92017e+06
161,4.84208e+06
163,4.96546e+06
165,4.82516e+06
167,4.95677e+06
169,4.91532e+06
171,4.98385e+06
173,4.58851e+06
175,4.70591e+06
177,4.88897e+06
179,4.76826e+06
181,4.61345e+06
183,4.56164e+06
185,4.59818e+06
187,4.67982e+06
189,4.30609e+06
191,4.68229e+06
193,4.89652e+06
195,5.39059e+06
197,5.00466e+06
199,4908860
201,5.1331e+06
203,5.86104e+06
205,6.57663e+06
207,4.67554e+06
209,4676552
211,4.94656e+06
213,4.69341e+06
215,4.69374e+06
217,5.09878e+06
219,5.16816e+06
221,5.06277e+06
223,5.1737e+06
225,5.30382e+06
227,5.55793e+06
229,5.9229e+06
231,5.13132e+06
233,4.54116e+06
235,4.74694e+06
237,5.08584e+06
239,4.64397e+06
241,4.96026e+06
243,4671489
245,4.35137e+06
247,4.8994e+06
249,4675753
251,4485115
253,4369070
255,4478898
