nw,average
1,3.13578e+06
3,1.04846e+06
5,631556
7,455483
9,358364
11,296254
13,254001
15,227980
17,202018
19,184152
21,178069
23,160859
25,147655
27,141885
29,139316
31,133838
33,121833
35,127198
37,115725
39,113819
41,117821
43,121891
45,115697
47,116269
49,107909
51,106870
53,110181
55,117303
57,104596
59,106627
61,112443
63,115219
65,129602
67,112451
69,122948
71,123469
73,116124
75,109699
77,118582
79,110820
81,110431
83,110688
85,114273
87,130936
89,110183
91,127743
93,116863
95,107254
97,101993
99,106823
101,103431
103,105338
105,112632
107,118825
109,127159
111,105637
113,117360
115,136962
117,115561
119,102888
121,125005
123,111325
125,100046
127,136201
129,122506
131,116429
133,108329
135,104566
137,146025
139,144047
141,143518
143,144893
145,149307
147,104983
149,105158
151,112637
153,118248
155,131026
157,138274
159,150674
161,108952
163,123609
165,138572
167,157473
169,121171
171,137648
173,153776
175,120316
177,139800
179,160813
181,124456
183,151606
185,112270
187,136566
189,168149
191,132969
193,163465
195,127291
197,159753
199,130424
201,161285
203,129962
205,165408
207,132616
209,170012
211,135625
213,176997
215,151135
217,116075
219,158208
221,131703
223,175248
225,143872
227,116386
229,162767
231,135134
233,183994
235,157004
237,127484
239,177287
241,154475
243,128535
245,180249
247,153789
249,126014
251,184500
253,157965
255,137403
