nw,average
1,3.05552e+08
3,1.0778e+08
5,6.46897e+07
7,4.62098e+07
9,35961714
11,2.94515e+07
13,2.49692e+07
15,21793296
17,19250924
19,1.71973e+07
21,1.54498e+07
23,14252552
25,1.31475e+07
27,1.22082e+07
29,1.13417e+07
31,1.06335e+07
33,9.93619e+06
35,9.29811e+06
37,8.79985e+06
39,8355005
41,7955421
43,7.59136e+06
45,7.33298e+06
47,7059392
49,7.1729e+06
51,6.80043e+06
53,6.31765e+06
55,6.07417e+06
57,6.00413e+06
59,6.80061e+06
61,5.74413e+06
63,5.89461e+06
65,7707476
67,7.59142e+06
69,7.37904e+06
71,7.17065e+06
73,6982456
75,6.811e+06
77,6.65247e+06
79,6.47307e+06
81,6.31375e+06
83,6.1625e+06
85,6.02879e+06
87,5.89088e+06
89,5.76294e+06
91,5.64552e+06
93,5.52698e+06
95,5.40965e+06
97,5.29927e+06
99,5.21069e+06
101,5110686
103,5.01826e+06
105,4923846
107,4.82958e+06
109,4.74919e+06
111,4.66122e+06
113,4.58959e+06
115,4.50579e+06
117,4.43952e+06
119,4372194
121,4.30641e+06
123,4277517
125,4179539
127,4.55973e+06
129,6.00128e+06
131,5.79679e+06
133,5.70281e+06
135,5.63768e+06
137,7.15842e+06
139,7346435
141,6.99889e+06
143,7133147
145,6666683
147,6.98434e+06
149,6553734
151,6.7519e+06
153,6.81947e+06
155,6.7365e+06
157,6.65931e+06
159,6.61789e+06
161,6.60891e+06
163,6.43847e+06
165,6.38538e+06
167,6.21109e+06
169,6032525
171,5.86021e+06
173,5.66501e+06
175,4.6195e+06
177,4.37269e+06
179,4320396
181,4.2967e+06
183,4267104
185,4.19825e+06
187,4289755
189,4.11923e+06
191,4.08036e+06
193,5355750
195,6.016e+06
197,6.03183e+06
199,5.92609e+06
201,5.81734e+06
203,5.76784e+06
205,5697438
207,5.59946e+06
209,5.5302e+06
211,5.45639e+06
213,5.39264e+06
215,5316145
217,5.21634e+06
219,5158766
221,5.08453e+06
223,5.04709e+06
225,5016983
227,4.98597e+06
229,4952376
231,4.90578e+06
233,4709326
235,4317983
237,4.28032e+06
239,4257550
241,4.22454e+06
243,4.19384e+06
245,4.17074e+06
247,4.14546e+06
249,4124241
251,4.12061e+06
253,4103123
255,4.12783e+06
